4000037
4000039
4000043
4000063
4000067
4000079
4000081
4000093

79
83
89
97
101
103
107
109
113
241
40000253
40000271
40000283
40000291
40000313
40000321
40000349
40000361
40000369
40000409
40000417
40000421
40000451
40000463
40000487
40000489
40000501
40000517
40000523
40000537
40000547
40000549
40000561
40000573
40000577
40000579
40000591
40000603
40000627
40000651
40000669
40000687
40000691
40000717
40000721
40000729
40000733
40000759
40000769
40000799
40000837
40000853
40000867
40000897
40000921
40000927
40000963
40000967
40000991
40000993
40001021
40001041
40001057
40001069
40001083
40001111
40001161
40001173
40001197

857
859
863
877
881
883
887
907
911
919
929
937
941
947
953
967
971
977
983
991
997
1009
1013
1019
1021
1031
1033
1039
1049
1051
1061
1063
1069
1087
1091
1093
1097
1103
1109
1117
1123
1129
1151
1153
1163
1171
1181
1187
1193
000000082
4000000083
4000000084
4000000085
4000000086
4000000087
4000000088
4000000089
4000000090
4000000091
4000000092
4000000093
4000000094
4000000095
4000000096
4000000097
4000000098
4000000099
4000000100
4000000101
4000000102
4000000103
4000000104
4000000105
4000000106
4000000107
4000000108
4000000109
4000000110
4000000111
4000000112
4000000113
4000000114
4000000115
4000000116
4000000117
4000000118
4000000119
